0.204889826270522
1
0.213658377649725
2
0.246092351660728
3
0.227631645713083
4
0.244284730258754
5



0.22463735329175
1
0.216030913021782
2
0.240974159058109
3
0.22243092867464
4
0.227845752444015
5
0.213435628956252
6
0.245525157989327
7
0.123298119052178
8
0.135784590607324
9
0.13979033958748
10
0.220993649459269
11
0.23571338508235
12
0.232361669206518
13



0.298858405756078
1
0.267183570148615
2
0.290420617755869
3
0.145017104473718
4
0.170195814800281
5
0.154607669349201
6
0.299897613773038
7
0.303565139126273
8



0.09349425076116
1
0.131468205820717
2
0.0864531529424056
3
0.0551886999496106
4
0.0906178723969884
5
0.121952514817402
6
0.135852010609147
7
0.120222984530019
8
0.104287885505865
9




