0.208739646601659
1
0.217352133412149
2
0.248263538061011
3
0.231459630174409
4
0.248510261262781
5



0.228090452942603
1
0.218682631600033
2
0.243776077305171
3
0.225027488048748
4
0.23035740507955
5
0.215450590595409
6
0.247283358034893
7
0.126723693885206
8
0.139186449094755
9
0.143125877161086
10
0.223343982429348
11
0.239474222191709
12
0.234670553880829
13



0.300398120484271
1
0.271178609238818
2
0.289969683382015
3
0.147743987144454
4
0.173365063141712
5
0.158309100345232
6
0.300865003840774
7
0.307660849335365
8



0.0958419081138778
1
0.134818562773826
2
0.0888720922251075
3
0.0573106205284597
4
0.0931637839765106
5
0.123875846476474
6
0.136669289347704
7
0.123459237063145
8
0.106860378790172
9




