0.213750614441918
1
0.222791233472662
2
0.251586499380725
3
0.236264065808018
4
0.253770415028604
5



0.232504902902754
1
0.222303819210046
2
0.247992783136234
3
0.22891054692737
4
0.234200702771208
5
0.219040592613055
6
0.250180343856919
7
0.131305782187732
8
0.143457484204955
9
0.148555597062613
10
0.227073564550307
11
0.242370937648127
12
0.238088689135389
13



0.304853072817839
1
0.276560493829784
2
0.295417795236282
3
0.154389137255927
4
0.180358883159012
5
0.16570323010627
6
0.305610749812276
7
0.314098671589264
8



0.0988166917234666
1
0.138442108384228
2
0.0918222219733108
3
0.0599614961322163
4
0.0959854964187722
5
0.126092134216373
6
0.137637666268659
7
0.127338909775988
8
0.109982360088925
9





