0.211978344564063
1
0.220403634400258
2
0.249906897001841
3
0.234523415573304
4
0.251603975945363
5



0.230573880119034
1
0.220686353537457
2
0.245873854740995
3
0.226969026344648
4
0.232291750857352
5
0.217316433120576
6
0.248701919653268
7
0.129429341233508
8
0.141729611076383
9
0.146458012620564
10
0.225310137883742
11
0.241132369116662
12
0.236352163172198
13



0.302584014462652
1
0.274401877342881
2
0.292785604911687
3
0.151749086493541
4
0.177449506395021
5
0.162614285254331
6
0.303045761135814
7
0.311891848416293
8



0.0976983099862094
1
0.136896751297778
2
0.0906759796563148
3
0.0590298156327047
4
0.0949237519349775
5
0.125086071530814
6
0.136883397389095
7
0.125831576418728
8
0.108809631197617
9




0.265362269987725
1
0.274420833432844
2
0.215041763909123
3
0.254887859751236
4
0.278068629498014
5
0.252635973470508
6
0.241158923709317
7
0.203570159039527
8
0.150352945821736
9
0.134218497491158
10
0.275341540844594
11
0.264073149801535
12
0.280497294020543
13
