0.211978344564063
1
0.220403634400258
2
0.249906897001841
3
0.234523415573304
4
0.251603975945363
5



0.230573880119034
1
0.220686353537457
2
0.245873854740995
3
0.226969026344648
4
0.232291750857352
5
0.217316433120576
6
0.248701919653268
7
0.129429341233508
8
0.141729611076383
9
0.146458012620564
10
0.225310137883742
11
0.241132369116662
12
0.236352163172198
13



0.302584014462652
1
0.274401877342881
2
0.292785604911687
3
0.151749086493541
4
0.177449506395021
5
0.162614285254331
6
0.303045761135814
7
0.311891848416293
8



